0.447213
0.447213
0.447213
0.447213
0.447213
0.447213
0.447213
0.447213
0.57735
0.267949
0.350853
0.328639
0.334591
0.332996
0.333424
0.333307
0.333346
0.333307
0.333424
0.332996
0.334591
0.328639
0.350853
0.267949
0.57735
0.447213
0.447213
0.447213
0.447213
0.447213
0.447213
0.447213
0.447213
0.447213
0.447213
0.447213
0.447213
0.447213
0.447213
0.447213
0.57735
0.267949
0.350853
0.328639
0.334591
0.332996
0.333424
0.333307
0.333346
0.333307
0.333424
0.332996
0.334591
0.328639
0.350853
0.267949
0.57735
0.447213
0.447213
0.447213
0.447213
0.447213
0.447213
0.447213
0.105573
0.105573
0.105573
0.105573
0.105573
0.105573
0.105573
0.105573
0.105573
0.105573
0.105573
0.105573
0.105573
0.105573
0.105573
0.236068
0.236068
0.236068
0.236068
0.236068
0.236068
0.236068
0.236068
0.236068
0.236068
0.236068
0.236068
0.236068
0.236068
0.236068
0.186222
0.186222
0.186222
0.186222
0.186222
0.186222
0.186222
0.186222
0.186222
0.186222
0.186222
0.186222
0.186222
0.186222
0.186222
0.205264
0.205264
0.205264
0.205264
0.205264
0.205264
0.205264
0.205264
0.205264
0.205264
0.205264
0.205264
0.205264
0.205264
0.205264
0.197984
0.197984
0.197984
0.197984
0.197984
0.197984
0.197984
0.197984
0.197984
0.197984
0.197984
0.197984
0.197984
0.197984
0.197984
0.200784
0.200784
0.200784
0.200784
0.200784
0.200784
0.200784
0.200784
0.200784
0.200784
0.200784
0.200784
0.200784
0.200784
0.200784
0.199664
0.199664
0.199664
0.199664
0.199664
0.199664
0.199664
0.199664
0.199664
0.199664
0.199664
0.199664
0.199664
0.199664
0.199664
0.200224
0.200224
0.200224
0.200224
0.200224
0.200224
0.200224
0.200224
0.200224
0.200224
0.200224
0.200224
0.200224
0.200224
0.200224
0.199664
0.199664
0.199664
0.199664
0.199664
0.199664
0.199664
0.199664
0.199664
0.199664
0.199664
0.199664
0.199664
0.199664
0.199664
0.200784
0.200784
0.200784
0.200784
0.200784
0.200784
0.200784
0.200784
0.200784
0.200784
0.200784
0.200784
0.200784
0.200784
0.200784
0.197984
0.197984
0.197984
0.197984
0.197984
0.197984
0.197984
0.197984
0.197984
0.197984
0.197984
0.197984
0.197984
0.197984
0.197984
0.205264
0.205264
0.205264
0.205264
0.205264
0.205264
0.205264
0.205264
0.205264
0.205264
0.205264
0.205264
0.205264
0.205264
0.205264
0.186222
0.186222
0.186222
0.186222
0.186222
0.186222
0.186222
0.186222
0.186222
0.186222
0.186222
0.186222
0.186222
0.186222
0.186222
0.236068
0.236068
0.236068
0.236068
0.236068
0.236068
0.236068
0.236068
0.236068
0.236068
0.236068
0.236068
0.236068
0.236068
0.236068
0.105573
0.105573
0.105573
0.105573
0.105573
0.105573
0.105573
0.105573
0.105573
0.105573
0.105573
0.105573
0.105573
0.105573
0.105573
